hora:




Hora : 2019-10-08 17:05:01.690263
Hora : 2019-10-08 17:06:01.864736
Hora : 2019-10-08 17:07:01.983916